4294967294,472
4294967278,289
4294967278,288
4294967293,131
4294967293,130
4294967293,129
4294967293,128
4294967293,127
4294967293,126
4294967293,125
4294967293,124
4294967293,123
4294967293,122
4294967293,121
4294967293,120
4294967293,119
4294967293,118
4294967293,117
4294967293,116
4294967293,115
4294967293,114
4294967293,113
4294967293,112
4294967293,111
4294967293,110
4294967293,109
4294967293,108
4294967293,107
4294967293,106
4294967293,105
4294967293,104
4294967293,103
4294967293,102
4294967293,101
4294967293,100
4294967293,99
4294967293,98
4294967293,97
4294967293,96
4294967293,95
4294967293,94
4294967293,93
4294967293,92
4294967293,91
4294967293,90
4294967293,89
4294967293,88
4294967293,87
4294967293,86
4294967293,85
4294967293,84
4294967293,83
4294967293,82
4294967293,81
4294967293,80
4294967293,79
4294967293,78
4294967293,77
4294967293,76
4294967293,75
4294967293,74
4294967293,73
4294967293,72
4294967293,71
4294967293,70
4294967293,69
4294967293,68
4294967293,67
4294967293,66
4294967293,65
4294967293,64
4294967293,63
4294967293,62
4294967293,61
4294967293,60
4294967293,59
4294967293,58
4294967293,57
4294967293,56
4294967293,55
4294967293,54
4294967293,53
4294967293,52
4294967293,51
4294967293,50
4294967293,49
4294967293,48
4294967293,47
4294967293,46
4294967293,45
4294967293,44
4294967293,43
4294967293,42
4294967293,41
4294967293,40
4294967293,39
4294967293,38
4294967293,37
4294967293,36
4294967293,35
4294967293,34
4294967293,33
4294967293,32
4294967293,31
4294967293,30
4294967293,29
4294967293,28
4294967293,27
4294967293,26
4294967293,25
4294967293,24
4294967293,23
4294967293,22
4294967293,21
4294967293,20
4294967293,19
4294967293,18
4294967293,17
4294967293,16
4294967293,15
4294967293,14
4294967293,13
4294967293,12
4294967293,11
4294967293,10
4294967293,9
4294967293,8
4294967293,7
4294967293,6
4294967293,5
4294967293,4
4294967293,3
4294967293,2
4243767290,0
4243767289,0
4243767288,0
4243767287,0
4243767286,0
4243767285,0
4243767284,0
4243767283,0
4243767282,0
4243767281,0
4294967293,0
4294967279,486
4294967279,485
4294967279,484
4294967279,483
4294967279,482
4294967279,481
4294967279,480
4294967279,174
4294967279,543
4294967279,542
4294967279,541
4294967279,540
4294967279,539
4294967279,538
4294967279,537
4294967279,536
4294967279,535
4294967279,534
4294967279,533
4294967279,532
4294967279,531
4294967279,530
4294967279,529
4294967279,528
4294967279,527
4294967279,526
4294967279,525
4294967279,524
4294967279,523
4294967279,522
4294967279,521
4294967279,520
4294967279,519
4294967279,518
4294967279,517
4294967279,516
4294967279,515
4294967279,514
4294967279,513
4294967279,512
4294967279,552
4294967279,551
4294967279,550
4294967279,549
4294967279,548
4294967279,547
4294967279,546
4294967279,545
4294967279,544
4294967279,24
4294967279,22
4294967279,21
4294967279,18
4294967279,15
4294967279,14
4294967279,13
4294967279,11
4294967279,10
4294967279,8
4294967279,5
4294967279,4
4294967279,2
4294967279,0
0,5
4294967278,136
4294967278,135
4294967278,22
4294967278,21
4294967278,18
4294967278,17
4294967278,14
4294967278,13
4294967278,11
4294967278,10
4294967278,6
4294967278,4
4294967278,0
4294967278,287
4294967278,286
4294967278,285
4294967278,284
4294967278,283
4294967278,282
4294967278,281
4294967278,280
4294967278,279
4294967278,278
4294967278,275
4294967278,274
4294967278,272
4294967278,270
4294967278,265
4294967278,263
4294967278,260
4294967278,258
4294967294,595
4294967294,581
4294967294,579
4294967294,578
4294967294,577
4294967294,576
4294967294,59
4294967294,58
4294967294,46
4294967294,1311
4294967294,1310
4294967294,1309
4294967294,1308
4294967294,1307
4294967294,1306
4294967294,1305
4294967294,1304
4294967294,1303
4294967294,1302
4294967294,1301
4294967294,1300
4294967294,1299
4294967294,1298
4294967294,1297
4294967294,1296
4294967294,1295
4294967294,1294
4294967294,1293
4294967294,1292
4294967294,1291
4294967294,1290
4294967294,1289
4294967294,1288
4294967294,1287
4294967294,1286
4294967294,1285
4294967294,1284
4294967294,1283
4294967294,1282
4294967294,1281
4294967294,1280
4294967294,187
4294967294,186
4294967294,895
4294967294,415
4294967294,411
4294967294,408
4294967294,394
4294967294,1023
4294967294,1022
4294967294,1021
4294967294,1020
4294967294,1019
4294967294,1018
4294967294,1017
4294967294,1016
4294967294,471
4294967294,470
4294967294,469
4294967294,468
4294967294,467
4294967294,465
4294967294,461
4294967294,460
4294967294,459
4294967294,458
4294967294,457
4294967294,455
4294967294,1035
4294967294,1029
4294967294,127
4294967294,126
4294967294,107
4294967294,106
4294967294,105
4294967294,104
4294967294,1375
4294967294,1374
4294967294,1373
4294967294,1372
4294967294,1371
4294967294,1370
4294967294,1369
4294967294,1368
4294967294,1367
4294967294,1366
4294967294,1365
4294967294,1364
4294967294,1363
4294967294,1362
4294967294,1361
4294967294,1360
4294967294,1359
4294967294,1358
4294967294,1357
4294967294,1356
4294967294,1355
4294967294,1354
4294967294,1353
4294967294,1352
4294967294,1351
4294967294,1350
4294967294,1349
4294967294,1348
4294967294,1347
4294967294,1346
4294967294,1345
4294967294,1344
4294967294,29
4294967294,28
4294967294,27
4294967294,26
4294967294,25
4294967294,12
4294967294,9
4294967294,8
4294967294,5
4294967294,2
4294967294,0
4294967294,1343
4294967294,1342
4294967294,1341
4294967294,1340
4294967294,1339
4294967294,1338
4294967294,1337
4294967294,1336
4294967294,1335
4294967294,1334
4294967294,1333
4294967294,1332
4294967294,1331
4294967294,1330
4294967294,1329
4294967294,1328
4294967294,1327
4294967294,1326
4294967294,1325
